[1.jpg]
filters=PicnikTint=1,54.970760,fffd0015;
moddate=636eb1b060bcd901
width=5371
height=3580
textactive=0
[2.jpg]
filters=PicnikTint=1,35.672516,ffff0e23;
moddate=0c3882f060bcd901
width=5334
height=3556
textactive=0
[3.jpg]
filters=PicnikTint=1,47.953217,ffff1218;
moddate=a3a660f960bcd901
width=5492
height=3661
textactive=0
